# 2015 22 0
# 2016 92 1
# 2017 100 2
# 2018 141 3
# 2019 204 4
# 2020 317 5
# 2021 524 6
# 2022 452 7
# 2023 476 8
# 2024 532 9
# 2025 364 10
# 2026 1 11
2 0 3
5 1 8
1 2 1
3 3 3
6 4 26
7 4 24
8 4 18
9 5 20
10 5 17
2 6 4
5 7 16
6 7 21
7 7 17
9 8 17
8 9 13
1 10 1
9 11 26
10 11 12
7 12 14
9 12 22
1 13 1
1 14 1
0 15 1
5 16 10
6 17 18
7 17 24
8 17 22
10 17 20
1 18 1
1 19 1
2 20 3
6 21 19
1 22 1
0 23 1
4 24 9
1 25 1
1 26 1
6 27 17
9 27 16
1 28 1
1 29 1
9 30 21
8 31 14
3 32 3
4 32 8
5 32 8
1 33 1
6 34 26
7 35 15
9 36 16
7 37 14
1 38 1
5 39 9
1 40 1
5 41 21
6 41 25
7 41 23
8 41 43
9 41 38
2 42 12
3 42 14
4 42 25
5 42 23
6 42 30
1 43 1
1 44 1
2 45 3
2 46 4
4 46 5
3 47 3
1 48 1
1 49 1
10 50 10
1 51 1
4 51 4
1 52 1
1 53 1
3 54 4
1 55 1
10 56 11
0 57 1
1 58 1
3 59 4
1 60 1
10 61 11
1 62 1
9 63 16
9 64 24
2 65 3
7 66 15
1 67 1
4 68 4
5 68 9
1 69 1
4 70 4
6 70 15
7 70 31
10 71 16
4 72 4
1 73 1
1 74 1
1 75 1
8 76 15
0 77 1
1 77 3
1 78 1
1 79 1
1 80 1
1 81 1
4 82 6
1 83 1
0 84 1
1 85 1
3 86 3
1 87 1
1 88 1
6 89 16
7 89 15
2 90 5
3 90 5
7 91 17
8 91 17
9 91 16
10 91 14
1 92 1
3 93 3
9 94 19
6 95 17
7 95 17
8 95 13
6 96 19
1 97 1
2 98 4
5 98 14
8 99 17
0 100 1
0 101 1
8 102 16
9 102 23
10 102 27
1 103 1
2 103 4
3 103 12
4 103 19
5 103 13
10 104 10
3 105 4
4 106 4
5 106 9
0 107 1
5 108 12
1 109 1
3 110 4
6 111 23
7 111 21
8 111 19
9 111 36
10 111 27
1 112 1
1 113 1
5 114 9
1 115 1
1 116 1
1 117 1
3 118 3
6 118 15
6 119 28
7 119 33
8 119 38
9 119 54
10 119 28
8 120 14
10 120 16
3 121 3
10 122 15
2 123 3
5 124 13
6 124 22
2 125 6
3 125 6
4 125 8
5 125 9
1 126 1
3 127 5
0 128 2
1 128 1
4 129 9
5 129 13
6 129 18
7 129 13
8 129 23
4 130 8
5 130 67
6 130 94
7 130 71
8 130 73
9 130 51
1 131 1
2 132 3
1 133 2
2 133 6
3 133 9
0 134 2
1 134 3
3 134 5
1 135 1
4 136 6
2 137 4
1 138 1
8 139 13
1 140 1
1 141 1
3 142 3
4 143 7
0 144 1
0 145 1
1 146 1
3 147 3
1 148 1
8 149 14
10 149 13
6 150 18
7 150 15
1 151 1
4 152 6
1 153 1
4 154 4
0 155 1
1 155 1
7 156 13
9 156 16
3 157 4
9 158 16
1 159 1
1 160 1
8 161 25
9 161 42
10 162 11
4 163 4
2 164 3
3 165 3
4 166 5
0 167 1
1 167 3
1 168 1
1 169 1
1 170 1
0 171 1
9 172 23
10 173 10
0 174 1
1 175 1
3 176 3
4 176 5
4 177 4
5 177 20
6 177 19
7 177 18
8 177 32
7 178 16
2 179 3
0 180 1
1 181 1
10 182 13
2 183 3
3 184 3
10 185 10
1 186 1
10 187 13
3 188 3
5 188 8
0 189 1
1 189 1
1 190 1
2 191 6
3 191 8
4 191 11
5 191 9
6 191 22
1 192 1
1 193 1
2 194 3
5 195 9
6 196 16
7 196 13
4 197 4
1 198 1
7 199 13
8 199 21
9 199 20
8 200 16
1 201 1
10 202 14
1 203 1
3 204 3
1 205 1
1 206 1
1 207 1
4 208 6
10 209 13
2 210 4
3 210 4
4 210 5
3 211 4
2 212 3
1 213 1
1 214 1
4 215 5
4 216 6
1 217 1
1 218 1
4 219 5
2 220 3
10 221 20
0 222 1
0 223 1
10 224 13
2 225 5
3 225 4
4 225 4
5 225 8
3 226 3
